-89.875
-89.625
-89.375
-89.125
-88.875
-88.625
-88.375
-88.125
-87.875
-87.625
-87.375
-87.125
-86.875
-86.625
-86.375
-86.125
-85.875
-85.625
-85.375
-85.125
-84.875
-84.625
-84.375
-84.125
-83.875
-83.625
-83.375
-83.125
-82.875
-82.625
-82.375
-82.125
-81.875
-81.625
-81.375
-81.125
-80.875
-80.625
-80.375
-80.125
-79.875
-79.625
-79.375
-79.125
-78.875
-78.625
-78.375
-78.125
-77.875
-77.625
-77.375
-77.125
-76.875
-76.625
-76.375
-76.125
-75.875
-75.625
-75.375
-75.125
-74.875
-74.625
-74.375
-74.125
-73.875
-73.625
-73.375
-73.125
-72.875
-72.625
-72.375
-72.125
-71.875
-71.625
-71.375
-71.125
-70.875
-70.625
-70.375
-70.125
-69.875
-69.625
-69.375
-69.125
-68.875
-68.625
-68.375
-68.125
-67.875
-67.625
-67.375
-67.125
-66.875
-66.625
-66.375
-66.125
-65.875
-65.625
-65.375
-65.125
-64.875
-64.625
-64.375
-64.125
-63.875
-63.625
-63.375
-63.125
-62.875
-62.625
-62.375
-62.125
-61.875
-61.625
-61.375
-61.125
-60.875
-60.625
-60.375
-60.125
-59.875
-59.625
-59.375
-59.125
-58.875
-58.625
-58.375
-58.125
-57.875
-57.625
-57.375
-57.125
-56.875
-56.625
-56.375
-56.125
-55.875
-55.625
-55.375
-55.125
-54.875
-54.625
-54.375
-54.125
-53.875
-53.625
-53.375
-53.125
-52.875
-52.625
-52.375
-52.125
-51.875
-51.625
-51.375
-51.125
-50.875
-50.625
-50.375
-50.125
-49.875
-49.625
-49.375
-49.125
-48.875
-48.625
-48.375
-48.125
-47.875
-47.625
-47.375
-47.125
-46.875
-46.625
-46.375
-46.125
-45.875
-45.625
-45.375
-45.125
-44.875
-44.625
-44.375
-44.125
-43.875
-43.625
-43.375
-43.125
-42.875
-42.625
-42.375
-42.125
-41.875
-41.625
-41.375
-41.125
-40.875
-40.625
-40.375
-40.125
-39.875
-39.625
-39.375
-39.125
-38.875
-38.625
-38.375
-38.125
-37.875
-37.625
-37.375
-37.125
-36.875
-36.625
-36.375
-36.125
-35.875
-35.625
-35.375
-35.125
-34.875
-34.625
-34.375
-34.125
-33.875
-33.625
-33.375
-33.125
-32.875
-32.625
-32.375
-32.125
-31.875
-31.625
-31.375
-31.125
-30.875
-30.625
-30.375
-30.125
-29.875
-29.625
-29.375
-29.125
-28.875
-28.625
-28.375
-28.125
-27.875
-27.625
-27.375
-27.125
-26.875
-26.625
-26.375
-26.125
-25.875
-25.625
-25.375
-25.125
-24.875
-24.625
-24.375
-24.125
-23.875
-23.625
-23.375
-23.125
-22.875
-22.625
-22.375
-22.125
-21.875
-21.625
-21.375
-21.125
-20.875
-20.625
-20.375
-20.125
-19.875
-19.625
-19.375
-19.125
-18.875
-18.625
-18.375
-18.125
-17.875
-17.625
-17.375
-17.125
-16.875
-16.625
-16.375
-16.125
-15.875
-15.625
-15.375
-15.125
-14.875
-14.625
-14.375
-14.125
-13.875
-13.625
-13.375
-13.125
-12.875
-12.625
-12.375
-12.125
-11.875
-11.625
-11.375
-11.125
-10.875
-10.625
-10.375
-10.125
-9.875
-9.625
-9.375
-9.125
-8.875
-8.625
-8.375
-8.125
-7.875
-7.625
-7.375
-7.125
-6.875
-6.625
-6.375
-6.125
-5.875
-5.625
-5.375
-5.125
-4.875
-4.625
-4.375
-4.125
-3.875
-3.625
-3.375
-3.125
-2.875
-2.625
-2.375
-2.125
-1.875
-1.625
-1.375
-1.125
-0.875
-0.625
-0.375
-0.125
0.125
0.375
0.625
0.875
1.125
1.375
1.625
1.875
2.125
2.375
2.625
2.875
3.125
3.375
3.625
3.875
4.125
4.375
4.625
4.875
5.125
5.375
5.625
5.875
6.125
6.375
6.625
6.875
7.125
7.375
7.625
7.875
8.125
8.375
8.625
8.875
9.125
9.375
9.625
9.875
10.125
10.375
10.625
10.875
11.125
11.375
11.625
11.875
12.125
12.375
12.625
12.875
13.125
13.375
13.625
13.875
14.125
14.375
14.625
14.875
15.125
15.375
15.625
15.875
16.125
16.375
16.625
16.875
17.125
17.375
17.625
17.875
18.125
18.375
18.625
18.875
19.125
19.375
19.625
19.875
20.125
20.375
20.625
20.875
21.125
21.375
21.625
21.875
22.125
22.375
22.625
22.875
23.125
23.375
23.625
23.875
24.125
24.375
24.625
24.875
25.125
25.375
25.625
25.875
26.125
26.375
26.625
26.875
27.125
27.375
27.625
27.875
28.125
28.375
28.625
28.875
29.125
29.375
29.625
29.875
30.125
30.375
30.625
30.875
31.125
31.375
31.625
31.875
32.125
32.375
32.625
32.875
33.125
33.375
33.625
33.875
34.125
34.375
34.625
34.875
35.125
35.375
35.625
35.875
36.125
36.375
36.625
36.875
37.125
37.375
37.625
37.875
38.125
38.375
38.625
38.875
39.125
39.375
39.625
39.875
40.125
40.375
40.625
40.875
41.125
41.375
41.625
41.875
42.125
42.375
42.625
42.875
43.125
43.375
43.625
43.875
44.125
44.375
44.625
44.875
45.125
45.375
45.625
45.875
46.125
46.375
46.625
46.875
47.125
47.375
47.625
47.875
48.125
48.375
48.625
48.875
49.125
49.375
49.625
49.875
50.125
50.375
50.625
50.875
51.125
51.375
51.625
51.875
52.125
52.375
52.625
52.875
53.125
53.375
53.625
53.875
54.125
54.375
54.625
54.875
55.125
55.375
55.625
55.875
56.125
56.375
56.625
56.875
57.125
57.375
57.625
57.875
58.125
58.375
58.625
58.875
59.125
59.375
59.625
59.875
60.125
60.375
60.625
60.875
61.125
61.375
61.625
61.875
62.125
62.375
62.625
62.875
63.125
63.375
63.625
63.875
64.125
64.375
64.625
64.875
65.125
65.375
65.625
65.875
66.125
66.375
66.625
66.875
67.125
67.375
67.625
67.875
68.125
68.375
68.625
68.875
69.125
69.375
69.625
69.875
70.125
70.375
70.625
70.875
71.125
71.375
71.625
71.875
72.125
72.375
72.625
72.875
73.125
73.375
73.625
73.875
74.125
74.375
74.625
74.875
75.125
75.375
75.625
75.875
76.125
76.375
76.625
76.875
77.125
77.375
77.625
77.875
78.125
78.375
78.625
78.875
79.125
79.375
79.625
79.875
80.125
80.375
80.625
80.875
81.125
81.375
81.625
81.875
82.125
82.375
82.625
82.875
83.125
83.375
83.625
83.875
84.125
84.375
84.625
84.875
85.125
85.375
85.625
85.875
86.125
86.375
86.625
86.875
87.125
87.375
87.625
87.875
88.125
88.375
88.625
88.875
89.125
89.375
89.625
89.875
